previewHorizon = 76;
errorGain = 235.6633;
stateGain = [7472.1482473, 1466.3439973, 45.6710739];
previewGain = [-235.6632985, -253.5143143, -278.7661874, -304.2793485, -325.6137318, -340.4159460, -347.8554104, -348.1380508, -342.1095930, -330.9488670, -315.9440220, -298.3403100, -279.2462901, -259.5852254, -240.0794749, -221.2573370, -203.4737381, -186.9380975, -171.7445003, -157.9008582, -145.3550130, -134.0167142, -123.7751289, -114.5120260, -106.1110848, -98.4639344, -91.4735818, -85.0558676, -79.1395217, -73.6653025, -68.5846057, -63.8578368, -59.4527542, -55.3429205, -51.5063419, -47.9243320, -44.5806055, -41.4605877, -38.5509119, -35.8390748, -33.3132143, -30.9619806, -28.7744723, -26.7402162, -24.8491717, -23.0917475, -21.4588217, -19.9417585, -18.5324190, -17.2231640, -16.0068491, -14.8768132, -13.8268608, -12.8512399, -11.9446174, -11.1020522, -10.3189688, -9.5911296, -8.9146100, -8.2857733, -7.7012481, -7.1579074, -6.6528490, -6.1833781, -5.7469914, -5.3413627, -4.9643293, -4.6138806, -4.2881467, -3.9853889, -3.7039898, -3.4424453, -3.1993569, -2.9734238, -2.7634366, -2.5682708];
transitionPhaseBaseDuration = 0.0;
transitionPhaseDurationIncreaseFactor = {rotation = 0.0; translation = { x = 0.0; y = 0.0001;};};
zmpRefEdgeMargin = 20;

